3.70
3.99
4.00
4.20
4.43
4.50
4.60
4.67
4.74
4.85
4.88
4.93
4.97
5.03
5.06
5.11
5.14
5.18
5.22
5.25
5.33
5.42
5.51
5.54
5.56
5.62
5.69
5.73
5.77
5.80
5.82
5.85
5.91
5.90
5.95
6.02
6.04
6.06
6.09
6.11
6.13
6.18
6.20
6.23
6.25
6.26
6.29
6.31
6.33
6.35
6.37
6.41
6.43
6.45
6.46
6.50
6.58
6.61
6.64
6.66
6.68
6.70
6.72
6.73
6.76
6.78
6.80
6.81
6.83
6.87
6.88
6.89
6.92
6.94
6.96
6.99
7.00
7.01
7.02
7.05
7.07
7.12
7.13
7.14
7.15
7.17
7.19
7.20
7.22
7.23
7.24
7.25
7.27
7.28
7.29
7.31
7.34
7.37
7.38
7.40
7.42
7.43
7.45
7.46
7.47
7.49
7.50
7.51
7.53
7.54
7.57
7.60
7.62
7.63
7.66
7.68
7.69
7.70
7.72
7.73
7.75
7.78
7.82
7.92
7.94
7.95
7.97
8.01
8.08
8.14
8.17
8.22
8.26
8.37
8.42
8.44
8.48
8.52
8.69
8.76
8.78
8.80
8.85
8.92
9.01
9.05
9.11
9.59
9.63
9.72
