  4.380169
  4.199312
  0.514757
  2.136814
  2.355854
  5.178041
  2.439057
  4.816523
  1.831338
  1.614304
  4.042768
  1.894764
  1.487329
  0.901111
  1.646287
  1.407893
  4.000943
  0.801608
  2.234944
  1.931849
 -2.210431
  3.424112
  3.250687
  1.426024
 -1.704067
  0.630208
  2.785346
  3.074031
  1.191002
  3.637729
  1.564422
  2.004484
  0.011529
  4.296816
  2.197453
 -0.569122
 -1.944455
  2.371110
  2.168605
  2.469953
  1.368488
  2.007412
  1.708574
  2.070067
  3.309501
  2.496058
  0.874626
  1.120017
  4.022159
 -0.948502
  2.047653
  1.977836
  1.216104
  0.354424
  2.141467
  2.676361
  4.509761
  1.334543
  0.691463
  2.002187
  2.901277
 -0.218828
  2.990206
  3.377097
  1.900331
  1.952369
  2.427755
  1.071392
  1.926166
  3.093430
  1.547661
  0.415247
  4.065634
  2.578502
  3.601717
  2.806140
  0.702151
  4.405521
  1.964928
  0.911387
  0.815559
  1.870232
  2.891141
  2.543823
  1.137455
  1.414973
  3.581217
  1.009582
  1.504928
  4.569319
 -0.319458
  2.391825
  1.046089
  2.288353
  3.848915
  2.653499
  3.822168
  0.647866
  3.691021
  1.426434
