  1.890491   3.195515
  3.121673   4.465613
  1.435663   3.201267
  0.052461   3.542950
  3.675129   5.352900
  0.075431   2.692347
  1.308496   2.706453
  1.902458   2.893444
  2.350611   4.433620
  0.930079   4.167073
  1.709791   2.800480
 -0.948449   0.658592
  1.065573   4.464694
  0.163805   2.531221
 -0.859992   1.108388
  2.214039   2.770389
  2.608750   5.085090
  1.259834   4.432943
 -0.207460   3.668125
  3.656756   5.277418
  0.557676   2.776266
  2.005544   5.430941
  0.850445   3.943827
  2.445612   2.511018
  1.354597   3.222534
  0.714912   2.551298
 -2.736074   1.715030
 -1.714081   2.676612
 -2.409561  -0.371378
 -0.549591   2.278541
 -2.718389   0.506209
 -1.931603   1.136493
 -2.809461   1.135609
 -2.197256   0.036801
 -0.806858   0.959809
 -1.849394   1.333092
 -2.017169   1.227771
 -3.032340   0.113374
 -3.625894  -0.255594
 -1.601876   2.004884
 -1.474429   0.817484
 -1.646084   1.085078
 -4.065332   0.226965
 -1.251422   1.743654
 -1.743262   2.448004
 -0.636559   1.864936
 -1.861773   1.066920
 -1.802307   0.815361
 -2.665567   0.102813
 -3.140536   1.015376
