  0.919919   5.196644
 -0.093741   3.766661
  0.177906   1.496980
  0.966105   3.399350
  2.087190   2.376251
  0.341082   1.851431
  2.624308   3.766853
  0.104819   3.532428
  1.709544   2.786874
 -0.440911   2.584095
  0.045832   2.024989
  0.478343   0.975783
  1.244659   1.208985
  3.058455   1.708833
  1.121002   2.543048
  0.547525   3.192597
  1.562366   3.252377
 -0.319028   1.635023
  0.894003   3.770004
  1.490399   3.469565
  0.674593   4.600284
  0.815204   2.438795
  1.197498   2.992678
  1.463230   2.421954
  2.845446   3.789468
 -0.802789   0.991063
 -1.449392   1.022046
  1.048969   0.385709
 -2.176340   3.074687
 -1.527563   0.758027
 -4.163499  -0.555835
 -2.600620   0.666908
 -4.077234   0.373469
 -2.118748   0.866356
 -3.447758   0.570812
 -2.739895   0.071284
 -2.992601  -0.911532
 -2.170278   0.505528
 -0.958033  -0.702726
 -0.294587   0.894646
 -1.528056   1.998486
 -2.616874   3.606562
 -1.802765   1.571745
 -2.848660   1.451578
 -3.037729   2.157844
 -3.548326   1.471662
 -4.096744   2.424597
 -2.071822   0.795342
 -1.260636   1.143807
 -1.773238   0.276610
